20171110
20171112
20171113
20171114
20171115
20171116
20171129
20171209
20171210
20171213
20171215
20171217
20171226
20171227
20171228
20171229
20171230
20171231
20180101
20180102
20180105
20180112
20180114
20180116
20180121
20180122
20180123
20180124
20180125
20180126
20180127
20180128
20180129
20180203
20180204
20180205
20180211
20180212
20180222
20180225
20180228
20180303
20180304
20180305
20180307
20180308
20180309
20180310
20180311
20180320
20180401
20180403
20180404
20180423
20180426
20180427
20180428
20180501
20180502
20180503
20180504
20180505
20180506
20180507
20180508
20180509
20180513
20180521
20180523
20180524
20180525
20180528
20180602
20180603
20180606
20180607
20180608
20180609
20180610
20180611
20180612
20180613
20180614
20180615
20180616
20180618
20180623
20180624
20180626
20180704
20180705
20180706
20180708
20180710
20180711
20180712
20180713
20180718
20180722
20180813
20180816
20180819
20180820
20180828
20180829
20180831
20180915
20180928
20181003
20181004
20181005
20181006
20181007
20181008
20181009
20181011
20181013
20181015
20181016
20181017
20181020
20181021
20181022
20181023
20181026
20181027
20181101
